LAB_4_SIM-Solution_1                          Mon Apr 21 09:56:25 2025
$ TMGVER:     2022.1.4
$ 
$ FEMNAM: E:\university\sem_6\KMGiTP\LAB_4\LAB_4_SIM.sim                        
$ FESNAM: Solution_1                                                            
$ 
$ UNITS  5  0.1000000E+04  0.1000000E+04  0.1000000E+01 -0.2731500E+03
$ PART ORIGIN  0.0000000E+00  0.0000000E+00  0.0000000E+00
$ PART X_AXIS  0.1000000E+01  0.0000000E+00  0.0000000E+00
$ PART Y_AXIS  0.0000000E+00  0.1000000E+01  0.0000000E+00
$ PART Z_AXIS  0.0000000E+00  0.0000000E+00  0.1000000E+01
-1
M            231     $ Program Control   
N            512     $ Output Control    
IST            0     $ SINDA Cond Number 
IA             0     $ SINDA Load Case   
TLIN  0.0000E+00     $ Rad Linearize Temp
SIGMA 5.6690E-08     $ Stefan-Boltz Const
PSUN  0.0000E+00     $ Sun Rad Source Pow
PIR   0.0000E+00     $ Earth IR Heat Src 
MESH           3     $ Element Subdivsion
KSP            0     $ Residual View Fac 
RK    0.0000E+00     $ Small Raditve Cond
$ Steady-State run
$      GRADNT          TABS     DTP            DT           TST      TF
  1.00000E-03  -2.73150E+02       0   1.00000E+00   1.00000E-01   10000
-1
RESTART OFF
-1
$ 
$ Thermal Nodes - User Model:        404
$ 
         1  0.0000000E+00  3.5258833E-02  1.0000000E+02
         2  0.0000000E+00  3.5258833E-02  0.0000000E+00
         3  0.0000000E+00  1.0352589E+00  0.0000000E+00
         4  0.0000000E+00  1.0352589E+00  1.0000000E+02
         5  1.0000000E+00  3.5258833E-02  0.0000000E+00
         6  1.0000000E+00  3.5258833E-02  1.0000000E+02
         7  1.0000000E+00  1.0352589E+00  0.0000000E+00
         8  1.0000000E+00  1.0352589E+00  1.0000000E+02
         9  0.0000000E+00  3.5258833E-02  9.9000000E+01
        10  0.0000000E+00  3.5258833E-02  9.8000000E+01
        11  0.0000000E+00  3.5258833E-02  9.7000000E+01
        12  0.0000000E+00  3.5258833E-02  9.6000000E+01
        13  0.0000000E+00  3.5258833E-02  9.5000000E+01
        14  0.0000000E+00  3.5258833E-02  9.4000000E+01
        15  0.0000000E+00  3.5258833E-02  9.3000000E+01
        16  0.0000000E+00  3.5258833E-02  9.2000000E+01
        17  0.0000000E+00  3.5258833E-02  9.1000000E+01
        18  0.0000000E+00  3.5258833E-02  9.0000000E+01
        19  0.0000000E+00  3.5258833E-02  8.9000000E+01
        20  0.0000000E+00  3.5258833E-02  8.8000000E+01
        21  0.0000000E+00  3.5258833E-02  8.7000000E+01
        22  0.0000000E+00  3.5258833E-02  8.6000000E+01
        23  0.0000000E+00  3.5258833E-02  8.5000000E+01
        24  0.0000000E+00  3.5258833E-02  8.4000000E+01
        25  0.0000000E+00  3.5258833E-02  8.3000000E+01
        26  0.0000000E+00  3.5258833E-02  8.2000000E+01
        27  0.0000000E+00  3.5258833E-02  8.1000000E+01
        28  0.0000000E+00  3.5258833E-02  8.0000000E+01
        29  0.0000000E+00  3.5258833E-02  7.9000000E+01
        30  0.0000000E+00  3.5258833E-02  7.8000000E+01
        31  0.0000000E+00  3.5258833E-02  7.7000000E+01
        32  0.0000000E+00  3.5258833E-02  7.6000000E+01
        33  0.0000000E+00  3.5258833E-02  7.5000000E+01
        34  0.0000000E+00  3.5258833E-02  7.4000000E+01
        35  0.0000000E+00  3.5258833E-02  7.3000000E+01
        36  0.0000000E+00  3.5258833E-02  7.2000000E+01
        37  0.0000000E+00  3.5258833E-02  7.1000000E+01
        38  0.0000000E+00  3.5258833E-02  7.0000000E+01
        39  0.0000000E+00  3.5258833E-02  6.9000000E+01
        40  0.0000000E+00  3.5258833E-02  6.8000000E+01
        41  0.0000000E+00  3.5258833E-02  6.7000000E+01
        42  0.0000000E+00  3.5258833E-02  6.6000000E+01
        43  0.0000000E+00  3.5258833E-02  6.5000000E+01
        44  0.0000000E+00  3.5258833E-02  6.4000000E+01
        45  0.0000000E+00  3.5258833E-02  6.3000000E+01
        46  0.0000000E+00  3.5258833E-02  6.2000000E+01
        47  0.0000000E+00  3.5258833E-02  6.1000000E+01
        48  0.0000000E+00  3.5258833E-02  6.0000000E+01
        49  0.0000000E+00  3.5258833E-02  5.9000000E+01
        50  0.0000000E+00  3.5258833E-02  5.8000000E+01
        51  0.0000000E+00  3.5258833E-02  5.7000000E+01
        52  0.0000000E+00  3.5258833E-02  5.6000000E+01
        53  0.0000000E+00  3.5258833E-02  5.5000000E+01
        54  0.0000000E+00  3.5258833E-02  5.4000000E+01
        55  0.0000000E+00  3.5258833E-02  5.3000000E+01
        56  0.0000000E+00  3.5258833E-02  5.2000000E+01
        57  0.0000000E+00  3.5258833E-02  5.1000000E+01
        58  0.0000000E+00  3.5258833E-02  5.0000000E+01
        59  0.0000000E+00  3.5258833E-02  4.9000000E+01
        60  0.0000000E+00  3.5258833E-02  4.8000000E+01
        61  0.0000000E+00  3.5258833E-02  4.7000000E+01
        62  0.0000000E+00  3.5258833E-02  4.6000000E+01
        63  0.0000000E+00  3.5258833E-02  4.5000000E+01
        64  0.0000000E+00  3.5258833E-02  4.4000000E+01
        65  0.0000000E+00  3.5258833E-02  4.3000000E+01
        66  0.0000000E+00  3.5258833E-02  4.2000000E+01
        67  0.0000000E+00  3.5258833E-02  4.1000000E+01
        68  0.0000000E+00  3.5258833E-02  4.0000000E+01
        69  0.0000000E+00  3.5258833E-02  3.9000000E+01
        70  0.0000000E+00  3.5258833E-02  3.8000000E+01
        71  0.0000000E+00  3.5258833E-02  3.7000000E+01
        72  0.0000000E+00  3.5258833E-02  3.6000000E+01
        73  0.0000000E+00  3.5258833E-02  3.5000000E+01
        74  0.0000000E+00  3.5258833E-02  3.4000000E+01
        75  0.0000000E+00  3.5258833E-02  3.3000000E+01
        76  0.0000000E+00  3.5258833E-02  3.2000000E+01
        77  0.0000000E+00  3.5258833E-02  3.1000000E+01
        78  0.0000000E+00  3.5258833E-02  3.0000000E+01
        79  0.0000000E+00  3.5258833E-02  2.9000000E+01
        80  0.0000000E+00  3.5258833E-02  2.8000000E+01
        81  0.0000000E+00  3.5258833E-02  2.7000000E+01
        82  0.0000000E+00  3.5258833E-02  2.6000000E+01
        83  0.0000000E+00  3.5258833E-02  2.5000000E+01
        84  0.0000000E+00  3.5258833E-02  2.4000000E+01
        85  0.0000000E+00  3.5258833E-02  2.3000000E+01
        86  0.0000000E+00  3.5258833E-02  2.2000000E+01
        87  0.0000000E+00  3.5258833E-02  2.1000000E+01
        88  0.0000000E+00  3.5258833E-02  2.0000000E+01
        89  0.0000000E+00  3.5258833E-02  1.9000000E+01
        90  0.0000000E+00  3.5258833E-02  1.8000000E+01
        91  0.0000000E+00  3.5258833E-02  1.7000000E+01
        92  0.0000000E+00  3.5258833E-02  1.6000000E+01
        93  0.0000000E+00  3.5258833E-02  1.5000000E+01
        94  0.0000000E+00  3.5258833E-02  1.4000000E+01
        95  0.0000000E+00  3.5258833E-02  1.3000000E+01
        96  0.0000000E+00  3.5258833E-02  1.2000000E+01
        97  0.0000000E+00  3.5258833E-02  1.1000000E+01
        98  0.0000000E+00  3.5258833E-02  1.0000000E+01
        99  0.0000000E+00  3.5258833E-02  9.0000000E+00
       100  0.0000000E+00  3.5258833E-02  8.0000000E+00
       101  0.0000000E+00  3.5258833E-02  7.0000000E+00
       102  0.0000000E+00  3.5258833E-02  6.0000000E+00
       103  0.0000000E+00  3.5258833E-02  5.0000000E+00
       104  0.0000000E+00  3.5258833E-02  4.0000000E+00
       105  0.0000000E+00  3.5258833E-02  3.0000000E+00
       106  0.0000000E+00  3.5258833E-02  2.0000000E+00
       107  0.0000000E+00  3.5258833E-02  1.0000000E+00
       108  0.0000000E+00  1.0352589E+00  9.9000000E+01
       109  0.0000000E+00  1.0352589E+00  9.8000000E+01
       110  0.0000000E+00  1.0352589E+00  9.7000000E+01
       111  0.0000000E+00  1.0352589E+00  9.6000000E+01
       112  0.0000000E+00  1.0352589E+00  9.5000000E+01
       113  0.0000000E+00  1.0352589E+00  9.4000000E+01
       114  0.0000000E+00  1.0352589E+00  9.3000000E+01
       115  0.0000000E+00  1.0352589E+00  9.2000000E+01
       116  0.0000000E+00  1.0352589E+00  9.1000000E+01
       117  0.0000000E+00  1.0352589E+00  9.0000000E+01
       118  0.0000000E+00  1.0352589E+00  8.9000000E+01
       119  0.0000000E+00  1.0352589E+00  8.8000000E+01
       120  0.0000000E+00  1.0352589E+00  8.7000000E+01
       121  0.0000000E+00  1.0352589E+00  8.6000000E+01
       122  0.0000000E+00  1.0352589E+00  8.5000000E+01
       123  0.0000000E+00  1.0352589E+00  8.4000000E+01
       124  0.0000000E+00  1.0352589E+00  8.3000000E+01
       125  0.0000000E+00  1.0352589E+00  8.2000000E+01
       126  0.0000000E+00  1.0352589E+00  8.1000000E+01
       127  0.0000000E+00  1.0352589E+00  8.0000000E+01
       128  0.0000000E+00  1.0352589E+00  7.9000000E+01
       129  0.0000000E+00  1.0352589E+00  7.8000000E+01
       130  0.0000000E+00  1.0352589E+00  7.7000000E+01
       131  0.0000000E+00  1.0352589E+00  7.6000000E+01
       132  0.0000000E+00  1.0352589E+00  7.5000000E+01
       133  0.0000000E+00  1.0352589E+00  7.4000000E+01
       134  0.0000000E+00  1.0352589E+00  7.3000000E+01
       135  0.0000000E+00  1.0352589E+00  7.2000000E+01
       136  0.0000000E+00  1.0352589E+00  7.1000000E+01
       137  0.0000000E+00  1.0352589E+00  7.0000000E+01
       138  0.0000000E+00  1.0352589E+00  6.9000000E+01
       139  0.0000000E+00  1.0352589E+00  6.8000000E+01
       140  0.0000000E+00  1.0352589E+00  6.7000000E+01
       141  0.0000000E+00  1.0352589E+00  6.6000000E+01
       142  0.0000000E+00  1.0352589E+00  6.5000000E+01
       143  0.0000000E+00  1.0352589E+00  6.4000000E+01
       144  0.0000000E+00  1.0352589E+00  6.3000000E+01
       145  0.0000000E+00  1.0352589E+00  6.2000000E+01
       146  0.0000000E+00  1.0352589E+00  6.1000000E+01
       147  0.0000000E+00  1.0352589E+00  6.0000000E+01
       148  0.0000000E+00  1.0352589E+00  5.9000000E+01
       149  0.0000000E+00  1.0352589E+00  5.8000000E+01
       150  0.0000000E+00  1.0352589E+00  5.7000000E+01
       151  0.0000000E+00  1.0352589E+00  5.6000000E+01
       152  0.0000000E+00  1.0352589E+00  5.5000000E+01
       153  0.0000000E+00  1.0352589E+00  5.4000000E+01
       154  0.0000000E+00  1.0352589E+00  5.3000000E+01
       155  0.0000000E+00  1.0352589E+00  5.2000000E+01
       156  0.0000000E+00  1.0352589E+00  5.1000000E+01
       157  0.0000000E+00  1.0352589E+00  5.0000000E+01
       158  0.0000000E+00  1.0352589E+00  4.9000000E+01
       159  0.0000000E+00  1.0352589E+00  4.8000000E+01
       160  0.0000000E+00  1.0352589E+00  4.7000000E+01
       161  0.0000000E+00  1.0352589E+00  4.6000000E+01
       162  0.0000000E+00  1.0352589E+00  4.5000000E+01
       163  0.0000000E+00  1.0352589E+00  4.4000000E+01
       164  0.0000000E+00  1.0352589E+00  4.3000000E+01
       165  0.0000000E+00  1.0352589E+00  4.2000000E+01
       166  0.0000000E+00  1.0352589E+00  4.1000000E+01
       167  0.0000000E+00  1.0352589E+00  4.0000000E+01
       168  0.0000000E+00  1.0352589E+00  3.9000000E+01
       169  0.0000000E+00  1.0352589E+00  3.8000000E+01
       170  0.0000000E+00  1.0352589E+00  3.7000000E+01
       171  0.0000000E+00  1.0352589E+00  3.6000000E+01
       172  0.0000000E+00  1.0352589E+00  3.5000000E+01
       173  0.0000000E+00  1.0352589E+00  3.4000000E+01
       174  0.0000000E+00  1.0352589E+00  3.3000000E+01
       175  0.0000000E+00  1.0352589E+00  3.2000000E+01
       176  0.0000000E+00  1.0352589E+00  3.1000000E+01
       177  0.0000000E+00  1.0352589E+00  3.0000000E+01
       178  0.0000000E+00  1.0352589E+00  2.9000000E+01
       179  0.0000000E+00  1.0352589E+00  2.8000000E+01
       180  0.0000000E+00  1.0352589E+00  2.7000000E+01
       181  0.0000000E+00  1.0352589E+00  2.6000000E+01
       182  0.0000000E+00  1.0352589E+00  2.5000000E+01
       183  0.0000000E+00  1.0352589E+00  2.4000000E+01
       184  0.0000000E+00  1.0352589E+00  2.3000000E+01
       185  0.0000000E+00  1.0352589E+00  2.2000000E+01
       186  0.0000000E+00  1.0352589E+00  2.1000000E+01
       187  0.0000000E+00  1.0352589E+00  2.0000000E+01
       188  0.0000000E+00  1.0352589E+00  1.9000000E+01
       189  0.0000000E+00  1.0352589E+00  1.8000000E+01
       190  0.0000000E+00  1.0352589E+00  1.7000000E+01
       191  0.0000000E+00  1.0352589E+00  1.6000000E+01
       192  0.0000000E+00  1.0352589E+00  1.5000000E+01
       193  0.0000000E+00  1.0352589E+00  1.4000000E+01
       194  0.0000000E+00  1.0352589E+00  1.3000000E+01
       195  0.0000000E+00  1.0352589E+00  1.2000000E+01
       196  0.0000000E+00  1.0352589E+00  1.1000000E+01
       197  0.0000000E+00  1.0352589E+00  1.0000000E+01
       198  0.0000000E+00  1.0352589E+00  9.0000000E+00
       199  0.0000000E+00  1.0352589E+00  8.0000000E+00
       200  0.0000000E+00  1.0352589E+00  7.0000000E+00
       201  0.0000000E+00  1.0352589E+00  6.0000000E+00
       202  0.0000000E+00  1.0352589E+00  5.0000000E+00
       203  0.0000000E+00  1.0352589E+00  4.0000000E+00
       204  0.0000000E+00  1.0352589E+00  3.0000000E+00
       205  0.0000000E+00  1.0352589E+00  2.0000000E+00
       206  0.0000000E+00  1.0352589E+00  1.0000000E+00
       207  1.0000000E+00  3.5258833E-02  9.9000000E+01
       208  1.0000000E+00  3.5258833E-02  9.8000000E+01
       209  1.0000000E+00  3.5258833E-02  9.7000000E+01
       210  1.0000000E+00  3.5258833E-02  9.6000000E+01
       211  1.0000000E+00  3.5258833E-02  9.5000000E+01
       212  1.0000000E+00  3.5258833E-02  9.4000000E+01
       213  1.0000000E+00  3.5258833E-02  9.3000000E+01
       214  1.0000000E+00  3.5258833E-02  9.2000000E+01
       215  1.0000000E+00  3.5258833E-02  9.1000000E+01
       216  1.0000000E+00  3.5258833E-02  9.0000000E+01
       217  1.0000000E+00  3.5258833E-02  8.9000000E+01
       218  1.0000000E+00  3.5258833E-02  8.8000000E+01
       219  1.0000000E+00  3.5258833E-02  8.7000000E+01
       220  1.0000000E+00  3.5258833E-02  8.6000000E+01
       221  1.0000000E+00  3.5258833E-02  8.5000000E+01
       222  1.0000000E+00  3.5258833E-02  8.4000000E+01
       223  1.0000000E+00  3.5258833E-02  8.3000000E+01
       224  1.0000000E+00  3.5258833E-02  8.2000000E+01
       225  1.0000000E+00  3.5258833E-02  8.1000000E+01
       226  1.0000000E+00  3.5258833E-02  8.0000000E+01
       227  1.0000000E+00  3.5258833E-02  7.9000000E+01
       228  1.0000000E+00  3.5258833E-02  7.8000000E+01
       229  1.0000000E+00  3.5258833E-02  7.7000000E+01
       230  1.0000000E+00  3.5258833E-02  7.6000000E+01
       231  1.0000000E+00  3.5258833E-02  7.5000000E+01
       232  1.0000000E+00  3.5258833E-02  7.4000000E+01
       233  1.0000000E+00  3.5258833E-02  7.3000000E+01
       234  1.0000000E+00  3.5258833E-02  7.2000000E+01
       235  1.0000000E+00  3.5258833E-02  7.1000000E+01
       236  1.0000000E+00  3.5258833E-02  7.0000000E+01
       237  1.0000000E+00  3.5258833E-02  6.9000000E+01
       238  1.0000000E+00  3.5258833E-02  6.8000000E+01
       239  1.0000000E+00  3.5258833E-02  6.7000000E+01
       240  1.0000000E+00  3.5258833E-02  6.6000000E+01
       241  1.0000000E+00  3.5258833E-02  6.5000000E+01
       242  1.0000000E+00  3.5258833E-02  6.4000000E+01
       243  1.0000000E+00  3.5258833E-02  6.3000000E+01
       244  1.0000000E+00  3.5258833E-02  6.2000000E+01
       245  1.0000000E+00  3.5258833E-02  6.1000000E+01
       246  1.0000000E+00  3.5258833E-02  6.0000000E+01
       247  1.0000000E+00  3.5258833E-02  5.9000000E+01
       248  1.0000000E+00  3.5258833E-02  5.8000000E+01
       249  1.0000000E+00  3.5258833E-02  5.7000000E+01
       250  1.0000000E+00  3.5258833E-02  5.6000000E+01
       251  1.0000000E+00  3.5258833E-02  5.5000000E+01
       252  1.0000000E+00  3.5258833E-02  5.4000000E+01
       253  1.0000000E+00  3.5258833E-02  5.3000000E+01
       254  1.0000000E+00  3.5258833E-02  5.2000000E+01
       255  1.0000000E+00  3.5258833E-02  5.1000000E+01
       256  1.0000000E+00  3.5258833E-02  5.0000000E+01
       257  1.0000000E+00  3.5258833E-02  4.9000000E+01
       258  1.0000000E+00  3.5258833E-02  4.8000000E+01
       259  1.0000000E+00  3.5258833E-02  4.7000000E+01
       260  1.0000000E+00  3.5258833E-02  4.6000000E+01
       261  1.0000000E+00  3.5258833E-02  4.5000000E+01
       262  1.0000000E+00  3.5258833E-02  4.4000000E+01
       263  1.0000000E+00  3.5258833E-02  4.3000000E+01
       264  1.0000000E+00  3.5258833E-02  4.2000000E+01
       265  1.0000000E+00  3.5258833E-02  4.1000000E+01
       266  1.0000000E+00  3.5258833E-02  4.0000000E+01
       267  1.0000000E+00  3.5258833E-02  3.9000000E+01
       268  1.0000000E+00  3.5258833E-02  3.8000000E+01
       269  1.0000000E+00  3.5258833E-02  3.7000000E+01
       270  1.0000000E+00  3.5258833E-02  3.6000000E+01
       271  1.0000000E+00  3.5258833E-02  3.5000000E+01
       272  1.0000000E+00  3.5258833E-02  3.4000000E+01
       273  1.0000000E+00  3.5258833E-02  3.3000000E+01
       274  1.0000000E+00  3.5258833E-02  3.2000000E+01
       275  1.0000000E+00  3.5258833E-02  3.1000000E+01
       276  1.0000000E+00  3.5258833E-02  3.0000000E+01
       277  1.0000000E+00  3.5258833E-02  2.9000000E+01
       278  1.0000000E+00  3.5258833E-02  2.8000000E+01
       279  1.0000000E+00  3.5258833E-02  2.7000000E+01
       280  1.0000000E+00  3.5258833E-02  2.6000000E+01
       281  1.0000000E+00  3.5258833E-02  2.5000000E+01
       282  1.0000000E+00  3.5258833E-02  2.4000000E+01
       283  1.0000000E+00  3.5258833E-02  2.3000000E+01
       284  1.0000000E+00  3.5258833E-02  2.2000000E+01
       285  1.0000000E+00  3.5258833E-02  2.1000000E+01
       286  1.0000000E+00  3.5258833E-02  2.0000000E+01
       287  1.0000000E+00  3.5258833E-02  1.9000000E+01
       288  1.0000000E+00  3.5258833E-02  1.8000000E+01
       289  1.0000000E+00  3.5258833E-02  1.7000000E+01
       290  1.0000000E+00  3.5258833E-02  1.6000000E+01
       291  1.0000000E+00  3.5258833E-02  1.5000000E+01
       292  1.0000000E+00  3.5258833E-02  1.4000000E+01
       293  1.0000000E+00  3.5258833E-02  1.3000000E+01
       294  1.0000000E+00  3.5258833E-02  1.2000000E+01
       295  1.0000000E+00  3.5258833E-02  1.1000000E+01
       296  1.0000000E+00  3.5258833E-02  1.0000000E+01
       297  1.0000000E+00  3.5258833E-02  9.0000000E+00
       298  1.0000000E+00  3.5258833E-02  8.0000000E+00
       299  1.0000000E+00  3.5258833E-02  7.0000000E+00
       300  1.0000000E+00  3.5258833E-02  6.0000000E+00
       301  1.0000000E+00  3.5258833E-02  5.0000000E+00
       302  1.0000000E+00  3.5258833E-02  4.0000000E+00
       303  1.0000000E+00  3.5258833E-02  3.0000000E+00
       304  1.0000000E+00  3.5258833E-02  2.0000000E+00
       305  1.0000000E+00  3.5258833E-02  1.0000000E+00
       306  1.0000000E+00  1.0352589E+00  9.9000000E+01
       307  1.0000000E+00  1.0352589E+00  9.8000000E+01
       308  1.0000000E+00  1.0352589E+00  9.7000000E+01
       309  1.0000000E+00  1.0352589E+00  9.6000000E+01
       310  1.0000000E+00  1.0352589E+00  9.5000000E+01
       311  1.0000000E+00  1.0352589E+00  9.4000000E+01
       312  1.0000000E+00  1.0352589E+00  9.3000000E+01
       313  1.0000000E+00  1.0352589E+00  9.2000000E+01
       314  1.0000000E+00  1.0352589E+00  9.1000000E+01
       315  1.0000000E+00  1.0352589E+00  9.0000000E+01
       316  1.0000000E+00  1.0352589E+00  8.9000000E+01
       317  1.0000000E+00  1.0352589E+00  8.8000000E+01
       318  1.0000000E+00  1.0352589E+00  8.7000000E+01
       319  1.0000000E+00  1.0352589E+00  8.6000000E+01
       320  1.0000000E+00  1.0352589E+00  8.5000000E+01
       321  1.0000000E+00  1.0352589E+00  8.4000000E+01
       322  1.0000000E+00  1.0352589E+00  8.3000000E+01
       323  1.0000000E+00  1.0352589E+00  8.2000000E+01
       324  1.0000000E+00  1.0352589E+00  8.1000000E+01
       325  1.0000000E+00  1.0352589E+00  8.0000000E+01
       326  1.0000000E+00  1.0352589E+00  7.9000000E+01
       327  1.0000000E+00  1.0352589E+00  7.8000000E+01
       328  1.0000000E+00  1.0352589E+00  7.7000000E+01
       329  1.0000000E+00  1.0352589E+00  7.6000000E+01
       330  1.0000000E+00  1.0352589E+00  7.5000000E+01
       331  1.0000000E+00  1.0352589E+00  7.4000000E+01
       332  1.0000000E+00  1.0352589E+00  7.3000000E+01
       333  1.0000000E+00  1.0352589E+00  7.2000000E+01
       334  1.0000000E+00  1.0352589E+00  7.1000000E+01
       335  1.0000000E+00  1.0352589E+00  7.0000000E+01
       336  1.0000000E+00  1.0352589E+00  6.9000000E+01
       337  1.0000000E+00  1.0352589E+00  6.8000000E+01
       338  1.0000000E+00  1.0352589E+00  6.7000000E+01
       339  1.0000000E+00  1.0352589E+00  6.6000000E+01
       340  1.0000000E+00  1.0352589E+00  6.5000000E+01
       341  1.0000000E+00  1.0352589E+00  6.4000000E+01
       342  1.0000000E+00  1.0352589E+00  6.3000000E+01
       343  1.0000000E+00  1.0352589E+00  6.2000000E+01
       344  1.0000000E+00  1.0352589E+00  6.1000000E+01
       345  1.0000000E+00  1.0352589E+00  6.0000000E+01
       346  1.0000000E+00  1.0352589E+00  5.9000000E+01
       347  1.0000000E+00  1.0352589E+00  5.8000000E+01
       348  1.0000000E+00  1.0352589E+00  5.7000000E+01
       349  1.0000000E+00  1.0352589E+00  5.6000000E+01
       350  1.0000000E+00  1.0352589E+00  5.5000000E+01
       351  1.0000000E+00  1.0352589E+00  5.4000000E+01
       352  1.0000000E+00  1.0352589E+00  5.3000000E+01
       353  1.0000000E+00  1.0352589E+00  5.2000000E+01
       354  1.0000000E+00  1.0352589E+00  5.1000000E+01
       355  1.0000000E+00  1.0352589E+00  5.0000000E+01
       356  1.0000000E+00  1.0352589E+00  4.9000000E+01
       357  1.0000000E+00  1.0352589E+00  4.8000000E+01
       358  1.0000000E+00  1.0352589E+00  4.7000000E+01
       359  1.0000000E+00  1.0352589E+00  4.6000000E+01
       360  1.0000000E+00  1.0352589E+00  4.5000000E+01
       361  1.0000000E+00  1.0352589E+00  4.4000000E+01
       362  1.0000000E+00  1.0352589E+00  4.3000000E+01
       363  1.0000000E+00  1.0352589E+00  4.2000000E+01
       364  1.0000000E+00  1.0352589E+00  4.1000000E+01
       365  1.0000000E+00  1.0352589E+00  4.0000000E+01
       366  1.0000000E+00  1.0352589E+00  3.9000000E+01
       367  1.0000000E+00  1.0352589E+00  3.8000000E+01
       368  1.0000000E+00  1.0352589E+00  3.7000000E+01
       369  1.0000000E+00  1.0352589E+00  3.6000000E+01
       370  1.0000000E+00  1.0352589E+00  3.5000000E+01
       371  1.0000000E+00  1.0352589E+00  3.4000000E+01
       372  1.0000000E+00  1.0352589E+00  3.3000000E+01
       373  1.0000000E+00  1.0352589E+00  3.2000000E+01
       374  1.0000000E+00  1.0352589E+00  3.1000000E+01
       375  1.0000000E+00  1.0352589E+00  3.0000000E+01
       376  1.0000000E+00  1.0352589E+00  2.9000000E+01
       377  1.0000000E+00  1.0352589E+00  2.8000000E+01
       378  1.0000000E+00  1.0352589E+00  2.7000000E+01
       379  1.0000000E+00  1.0352589E+00  2.6000000E+01
       380  1.0000000E+00  1.0352589E+00  2.5000000E+01
       381  1.0000000E+00  1.0352589E+00  2.4000000E+01
       382  1.0000000E+00  1.0352589E+00  2.3000000E+01
       383  1.0000000E+00  1.0352589E+00  2.2000000E+01
       384  1.0000000E+00  1.0352589E+00  2.1000000E+01
       385  1.0000000E+00  1.0352589E+00  2.0000000E+01
       386  1.0000000E+00  1.0352589E+00  1.9000000E+01
       387  1.0000000E+00  1.0352589E+00  1.8000000E+01
       388  1.0000000E+00  1.0352589E+00  1.7000000E+01
       389  1.0000000E+00  1.0352589E+00  1.6000000E+01
       390  1.0000000E+00  1.0352589E+00  1.5000000E+01
       391  1.0000000E+00  1.0352589E+00  1.4000000E+01
       392  1.0000000E+00  1.0352589E+00  1.3000000E+01
       393  1.0000000E+00  1.0352589E+00  1.2000000E+01
       394  1.0000000E+00  1.0352589E+00  1.1000000E+01
       395  1.0000000E+00  1.0352589E+00  1.0000000E+01
       396  1.0000000E+00  1.0352589E+00  9.0000000E+00
       397  1.0000000E+00  1.0352589E+00  8.0000000E+00
       398  1.0000000E+00  1.0352589E+00  7.0000000E+00
       399  1.0000000E+00  1.0352589E+00  6.0000000E+00
       400  1.0000000E+00  1.0352589E+00  5.0000000E+00
       401  1.0000000E+00  1.0352589E+00  4.0000000E+00
       402  1.0000000E+00  1.0352589E+00  3.0000000E+00
       403  1.0000000E+00  1.0352589E+00  2.0000000E+00
       404  1.0000000E+00  1.0352589E+00  1.0000000E+00
-1
$ 
$ Thermal Elements - User Model
$ 
         1 SOLID   M00001 O00001 0         85         86        185        184        283        284        383        382
         2 SOLID   M00001 O00001 0        183        182         83         84        381        380        281        282
         3 SOLID   M00001 O00001 0         85        184        183         84        283        382        381        282
         4 SOLID   M00001 O00001 0        186        185         86         87        384        383        284        285
         5 SOLID   M00001 O00001 0         88         89        188        187        286        287        386        385
         6 SOLID   M00001 O00001 0        186         87         88        187        384        285        286        385
         7 SOLID   M00001 O00001 0        192        191         92         93        390        389        290        291
         8 SOLID   M00001 O00001 0         94         95        194        193        292        293        392        391
         9 SOLID   M00001 O00001 0        192         93         94        193        390        291        292        391
        10 SOLID   M00001 O00001 0         91         92        191        190        289        290        389        388
        11 SOLID   M00001 O00001 0        189        188         89         90        387        386        287        288
        12 SOLID   M00001 O00001 0         91        190        189         90        289        388        387        288
        13 SOLID   M00001 O00001 0         97         98        197        196        295        296        395        394
        14 SOLID   M00001 O00001 0        195        194         95         96        393        392        293        294
        15 SOLID   M00001 O00001 0         97        196        195         96        295        394        393        294
        16 SOLID   M00001 O00001 0        198        197         98         99        396        395        296        297
        17 SOLID   M00001 O00001 0        100        101        200        199        298        299        398        397
        18 SOLID   M00001 O00001 0        198         99        100        199        396        297        298        397
        19 SOLID   M00001 O00001 0        103        104        203        202        301        302        401        400
        20 SOLID   M00001 O00001 0        201        200        101        102        399        398        299        300
        21 SOLID   M00001 O00001 0        103        202        201        102        301        400        399        300
        22 SOLID   M00001 O00001 0        107          2          3        206        305          5          7        404
        23 SOLID   M00001 O00001 0        205        106        107        206        403        304        305        404
        24 SOLID   M00001 O00001 0        204        203        104        105        402        401        302        303
        25 SOLID   M00001 O00001 0        106        205        204        105        304        403        402        303
        26 SOLID   M00001 O00001 0        180        179         80         81        378        377        278        279
        27 SOLID   M00001 O00001 0         82         83        182        181        280        281        380        379
        28 SOLID   M00001 O00001 0        180         81         82        181        378        279        280        379
        29 SOLID   M00001 O00001 0         79         80        179        178        277        278        377        376
        30 SOLID   M00001 O00001 0        177        176         77         78        375        374        275        276
        31 SOLID   M00001 O00001 0         79        178        177         78        277        376        375        276
        32 SOLID   M00001 O00001 0         73         74        173        172        271        272        371        370
        33 SOLID   M00001 O00001 0        171        170         71         72        369        368        269        270
        34 SOLID   M00001 O00001 0         73        172        171         72        271        370        369        270
        35 SOLID   M00001 O00001 0        174        173         74         75        372        371        272        273
        36 SOLID   M00001 O00001 0         76         77        176        175        274        275        374        373
        37 SOLID   M00001 O00001 0        174         75         76        175        372        273        274        373
        38 SOLID   M00001 O00001 0        168        167         68         69        366        365        266        267
        39 SOLID   M00001 O00001 0         70         71        170        169        268        269        368        367
        40 SOLID   M00001 O00001 0        168         69         70        169        366        267        268        367
        41 SOLID   M00001 O00001 0         67         68        167        166        265        266        365        364
        42 SOLID   M00001 O00001 0        165        164         65         66        363        362        263        264
        43 SOLID   M00001 O00001 0         67        166        165         66        265        364        363        264
        44 SOLID   M00001 O00001 0        162        161         62         63        360        359        260        261
        45 SOLID   M00001 O00001 0         64         65        164        163        262        263        362        361
        46 SOLID   M00001 O00001 0        162         63         64        163        360        261        262        361
        47 SOLID   M00001 O00001 0        158        157         58         59        356        355        256        257
        48 SOLID   M00001 O00001 0         60        159        158         59        258        357        356        257
        49 SOLID   M00001 O00001 0         61         62        161        160        259        260        359        358
        50 SOLID   M00001 O00001 0        159         60         61        160        357        258        259        358
        51 SOLID   M00001 O00001 0        130        129         30         31        328        327        228        229
        52 SOLID   M00001 O00001 0         32         33        132        131        230        231        330        329
        53 SOLID   M00001 O00001 0        130         31         32        131        328        229        230        329
        54 SOLID   M00001 O00001 0         29         30        129        128        227        228        327        326
        55 SOLID   M00001 O00001 0        127        126         27         28        325        324        225        226
        56 SOLID   M00001 O00001 0         29        128        127         28        227        326        325        226
        57 SOLID   M00001 O00001 0         23         24        123        122        221        222        321        320
        58 SOLID   M00001 O00001 0        121        120         21         22        319        318        219        220
        59 SOLID   M00001 O00001 0         23        122        121         22        221        320        319        220
        60 SOLID   M00001 O00001 0        124        123         24         25        322        321        222        223
        61 SOLID   M00001 O00001 0         26         27        126        125        224        225        324        323
        62 SOLID   M00001 O00001 0        124         25         26        125        322        223        224        323
        63 SOLID   M00001 O00001 0        118        117         18         19        316        315        216        217
        64 SOLID   M00001 O00001 0         20         21        120        119        218        219        318        317
        65 SOLID   M00001 O00001 0        118         19         20        119        316        217        218        317
        66 SOLID   M00001 O00001 0         17         18        117        116        215        216        315        314
        67 SOLID   M00001 O00001 0        115        114         15         16        313        312        213        214
        68 SOLID   M00001 O00001 0         17        116        115         16        215        314        313        214
        69 SOLID   M00001 O00001 0        112        111         12         13        310        309        210        211
        70 SOLID   M00001 O00001 0         14         15        114        113        212        213        312        311
        71 SOLID   M00001 O00001 0        112         13         14        113        310        211        212        311
        72 SOLID   M00001 O00001 0        108          4          1          9        306          8          6        207
        73 SOLID   M00001 O00001 0         10        109        108          9        208        307        306        207
        74 SOLID   M00001 O00001 0         11         12        111        110        209        210        309        308
        75 SOLID   M00001 O00001 0        109         10         11        110        307        208        209        308
        76 SOLID   M00001 O00001 0         35         36        135        134        233        234        333        332
        77 SOLID   M00001 O00001 0        133        132         33         34        331        330        231        232
        78 SOLID   M00001 O00001 0         35        134        133         34        233        332        331        232
        79 SOLID   M00001 O00001 0        136        135         36         37        334        333        234        235
        80 SOLID   M00001 O00001 0         38         39        138        137        236        237        336        335
        81 SOLID   M00001 O00001 0        136         37         38        137        334        235        236        335
        82 SOLID   M00001 O00001 0        142        141         42         43        340        339        240        241
        83 SOLID   M00001 O00001 0         44         45        144        143        242        243        342        341
        84 SOLID   M00001 O00001 0        142         43         44        143        340        241        242        341
        85 SOLID   M00001 O00001 0         41         42        141        140        239        240        339        338
        86 SOLID   M00001 O00001 0        139        138         39         40        337        336        237        238
        87 SOLID   M00001 O00001 0         41        140        139         40        239        338        337        238
        88 SOLID   M00001 O00001 0         47         48        147        146        245        246        345        344
        89 SOLID   M00001 O00001 0        145        144         45         46        343        342        243        244
        90 SOLID   M00001 O00001 0         47        146        145         46        245        344        343        244
        91 SOLID   M00001 O00001 0        148        147         48         49        346        345        246        247
        92 SOLID   M00001 O00001 0         50         51        150        149        248        249        348        347
        93 SOLID   M00001 O00001 0        148         49         50        149        346        247        248        347
        94 SOLID   M00001 O00001 0         53         54        153        152        251        252        351        350
        95 SOLID   M00001 O00001 0        151        150         51         52        349        348        249        250
        96 SOLID   M00001 O00001 0         53        152        151         52        251        350        349        250
        97 SOLID   M00001 O00001 0         57         58        157        156        255        256        355        354
        98 SOLID   M00001 O00001 0        155         56         57        156        353        254        255        354
        99 SOLID   M00001 O00001 0        154        153         54         55        352        351        252        253
       100 SOLID   M00001 O00001 0         56        155        154         55        254        353        352        253
       101 SURFACE M00002 O00001 P00001          4          1          6          8 $ COAT    2        72   3
       102 SURFACE M00002 O00001 P00001          2          3          7          5 $ COAT    2        22   3
       103 SURFACE M00002 O00001 P00001         85         86        284        283 $ COAT    3         1   4
       104 SURFACE M00002 O00001 P00001         85        184        185         86 $ COAT    5         1   4
       105 SURFACE M00002 O00001 P00001         83         84        282        281 $ COAT    4         2   4
       106 SURFACE M00002 O00001 P00001        183         84         83        182 $ COAT    5         2   4
       107 SURFACE M00002 O00001 P00001         85        283        282         84 $ COAT    1         3   4
       108 SURFACE M00002 O00001 P00001         85         84        183        184 $ COAT    5         3   4
       109 SURFACE M00002 O00001 P00001        186         87         86        185 $ COAT    5         4   4
       110 SURFACE M00002 O00001 P00001         86         87        285        284 $ COAT    4         4   4
       111 SURFACE M00002 O00001 P00001         88         89        287        286 $ COAT    3         5   4
       112 SURFACE M00002 O00001 P00001         88        187        188         89 $ COAT    5         5   4
       113 SURFACE M00002 O00001 P00001         87         88        286        285 $ COAT    2         6   4
       114 SURFACE M00002 O00001 P00001        186        187         88         87 $ COAT    5         6   4
       115 SURFACE M00002 O00001 P00001        192         93         92        191 $ COAT    5         7   4
       116 SURFACE M00002 O00001 P00001         92         93        291        290 $ COAT    4         7   4
       117 SURFACE M00002 O00001 P00001         94        193        194         95 $ COAT    5         8   4
       118 SURFACE M00002 O00001 P00001         94         95        293        292 $ COAT    3         8   4
       119 SURFACE M00002 O00001 P00001         93         94        292        291 $ COAT    2         9   4
       120 SURFACE M00002 O00001 P00001        192        193         94         93 $ COAT    5         9   4
       121 SURFACE M00002 O00001 P00001         91         92        290        289 $ COAT    3        10   4
       122 SURFACE M00002 O00001 P00001         91        190        191         92 $ COAT    5        10   4
       123 SURFACE M00002 O00001 P00001         89         90        288        287 $ COAT    4        11   4
       124 SURFACE M00002 O00001 P00001        189         90         89        188 $ COAT    5        11   4
       125 SURFACE M00002 O00001 P00001         91        289        288         90 $ COAT    1        12   4
       126 SURFACE M00002 O00001 P00001         91         90        189        190 $ COAT    5        12   4
       127 SURFACE M00002 O00001 P00001         97         98        296        295 $ COAT    3        13   4
       128 SURFACE M00002 O00001 P00001         97        196        197         98 $ COAT    5        13   4
       129 SURFACE M00002 O00001 P00001         95         96        294        293 $ COAT    4        14   4
       130 SURFACE M00002 O00001 P00001        195         96         95        194 $ COAT    5        14   4
       131 SURFACE M00002 O00001 P00001         97        295        294         96 $ COAT    1        15   4
       132 SURFACE M00002 O00001 P00001         97         96        195        196 $ COAT    5        15   4
       133 SURFACE M00002 O00001 P00001        198         99         98        197 $ COAT    5        16   4
       134 SURFACE M00002 O00001 P00001         98         99        297        296 $ COAT    4        16   4
       135 SURFACE M00002 O00001 P00001        100        101        299        298 $ COAT    3        17   4
       136 SURFACE M00002 O00001 P00001        100        199        200        101 $ COAT    5        17   4
       137 SURFACE M00002 O00001 P00001        198        199        100         99 $ COAT    5        18   4
       138 SURFACE M00002 O00001 P00001         99        100        298        297 $ COAT    2        18   4
       139 SURFACE M00002 O00001 P00001        103        104        302        301 $ COAT    3        19   4
       140 SURFACE M00002 O00001 P00001        103        202        203        104 $ COAT    5        19   4
       141 SURFACE M00002 O00001 P00001        101        102        300        299 $ COAT    4        20   4
       142 SURFACE M00002 O00001 P00001        201        102        101        200 $ COAT    5        20   4
       143 SURFACE M00002 O00001 P00001        103        301        300        102 $ COAT    1        21   4
       144 SURFACE M00002 O00001 P00001        103        102        201        202 $ COAT    5        21   4
       145 SURFACE M00002 O00001 P00001        107          2          5        305 $ COAT    3        22   4
       146 SURFACE M00002 O00001 P00001        107        206          3          2 $ COAT    5        22   4
       147 SURFACE M00002 O00001 P00001        106        107        305        304 $ COAT    2        23   4
       148 SURFACE M00002 O00001 P00001        205        206        107        106 $ COAT    5        23   4
       149 SURFACE M00002 O00001 P00001        104        105        303        302 $ COAT    4        24   4
       150 SURFACE M00002 O00001 P00001        204        105        104        203 $ COAT    5        24   4
       151 SURFACE M00002 O00001 P00001        106        304        303        105 $ COAT    1        25   4
       152 SURFACE M00002 O00001 P00001        106        105        204        205 $ COAT    5        25   4
       153 SURFACE M00002 O00001 P00001         80         81        279        278 $ COAT    4        26   4
       154 SURFACE M00002 O00001 P00001        180         81         80        179 $ COAT    5        26   4
       155 SURFACE M00002 O00001 P00001         82         83        281        280 $ COAT    3        27   4
       156 SURFACE M00002 O00001 P00001         82        181        182         83 $ COAT    5        27   4
       157 SURFACE M00002 O00001 P00001         81         82        280        279 $ COAT    2        28   4
       158 SURFACE M00002 O00001 P00001        180        181         82         81 $ COAT    5        28   4
       159 SURFACE M00002 O00001 P00001         79         80        278        277 $ COAT    3        29   4
       160 SURFACE M00002 O00001 P00001         79        178        179         80 $ COAT    5        29   4
       161 SURFACE M00002 O00001 P00001         77         78        276        275 $ COAT    4        30   4
       162 SURFACE M00002 O00001 P00001        177         78         77        176 $ COAT    5        30   4
       163 SURFACE M00002 O00001 P00001         79        277        276         78 $ COAT    1        31   4
       164 SURFACE M00002 O00001 P00001         79         78        177        178 $ COAT    5        31   4
       165 SURFACE M00002 O00001 P00001         73        172        173         74 $ COAT    5        32   4
       166 SURFACE M00002 O00001 P00001         73         74        272        271 $ COAT    3        32   4
       167 SURFACE M00002 O00001 P00001         71         72        270        269 $ COAT    4        33   4
       168 SURFACE M00002 O00001 P00001        171         72         71        170 $ COAT    5        33   4
       169 SURFACE M00002 O00001 P00001         73        271        270         72 $ COAT    1        34   4
       170 SURFACE M00002 O00001 P00001         73         72        171        172 $ COAT    5        34   4
       171 SURFACE M00002 O00001 P00001         74         75        273        272 $ COAT    4        35   4
       172 SURFACE M00002 O00001 P00001        174         75         74        173 $ COAT    5        35   4
       173 SURFACE M00002 O00001 P00001         76         77        275        274 $ COAT    3        36   4
       174 SURFACE M00002 O00001 P00001         76        175        176         77 $ COAT    5        36   4
       175 SURFACE M00002 O00001 P00001         75         76        274        273 $ COAT    2        37   4
       176 SURFACE M00002 O00001 P00001        174        175         76         75 $ COAT    5        37   4
       177 SURFACE M00002 O00001 P00001         68         69        267        266 $ COAT    4        38   4
       178 SURFACE M00002 O00001 P00001        168         69         68        167 $ COAT    5        38   4
       179 SURFACE M00002 O00001 P00001         70         71        269        268 $ COAT    3        39   4
       180 SURFACE M00002 O00001 P00001         70        169        170         71 $ COAT    5        39   4
       181 SURFACE M00002 O00001 P00001         69         70        268        267 $ COAT    2        40   4
       182 SURFACE M00002 O00001 P00001        168        169         70         69 $ COAT    5        40   4
       183 SURFACE M00002 O00001 P00001         67         68        266        265 $ COAT    3        41   4
       184 SURFACE M00002 O00001 P00001         67        166        167         68 $ COAT    5        41   4
       185 SURFACE M00002 O00001 P00001         65         66        264        263 $ COAT    4        42   4
       186 SURFACE M00002 O00001 P00001        165         66         65        164 $ COAT    5        42   4
       187 SURFACE M00002 O00001 P00001         67        265        264         66 $ COAT    1        43   4
       188 SURFACE M00002 O00001 P00001         67         66        165        166 $ COAT    5        43   4
       189 SURFACE M00002 O00001 P00001         62         63        261        260 $ COAT    4        44   4
       190 SURFACE M00002 O00001 P00001        162         63         62        161 $ COAT    5        44   4
       191 SURFACE M00002 O00001 P00001         64         65        263        262 $ COAT    3        45   4
       192 SURFACE M00002 O00001 P00001         64        163        164         65 $ COAT    5        45   4
       193 SURFACE M00002 O00001 P00001         63         64        262        261 $ COAT    2        46   4
       194 SURFACE M00002 O00001 P00001        162        163         64         63 $ COAT    5        46   4
       195 SURFACE M00002 O00001 P00001         58         59        257        256 $ COAT    4        47   4
       196 SURFACE M00002 O00001 P00001        158         59         58        157 $ COAT    5        47   4
       197 SURFACE M00002 O00001 P00001         60        258        257         59 $ COAT    1        48   4
       198 SURFACE M00002 O00001 P00001         60         59        158        159 $ COAT    5        48   4
       199 SURFACE M00002 O00001 P00001         61         62        260        259 $ COAT    3        49   4
       200 SURFACE M00002 O00001 P00001         61        160        161         62 $ COAT    5        49   4
       201 SURFACE M00002 O00001 P00001         60         61        259        258 $ COAT    2        50   4
       202 SURFACE M00002 O00001 P00001        159        160         61         60 $ COAT    5        50   4
       203 SURFACE M00002 O00001 P00001         30         31        229        228 $ COAT    4        51   4
       204 SURFACE M00002 O00001 P00001        130         31         30        129 $ COAT    5        51   4
       205 SURFACE M00002 O00001 P00001         32         33        231        230 $ COAT    3        52   4
       206 SURFACE M00002 O00001 P00001         32        131        132         33 $ COAT    5        52   4
       207 SURFACE M00002 O00001 P00001         31         32        230        229 $ COAT    2        53   4
       208 SURFACE M00002 O00001 P00001        130        131         32         31 $ COAT    5        53   4
       209 SURFACE M00002 O00001 P00001         29         30        228        227 $ COAT    3        54   4
       210 SURFACE M00002 O00001 P00001         29        128        129         30 $ COAT    5        54   4
       211 SURFACE M00002 O00001 P00001         27         28        226        225 $ COAT    4        55   4
       212 SURFACE M00002 O00001 P00001        127         28         27        126 $ COAT    5        55   4
       213 SURFACE M00002 O00001 P00001         29        227        226         28 $ COAT    1        56   4
       214 SURFACE M00002 O00001 P00001         29         28        127        128 $ COAT    5        56   4
       215 SURFACE M00002 O00001 P00001         23         24        222        221 $ COAT    3        57   4
       216 SURFACE M00002 O00001 P00001         23        122        123         24 $ COAT    5        57   4
       217 SURFACE M00002 O00001 P00001         21         22        220        219 $ COAT    4        58   4
       218 SURFACE M00002 O00001 P00001        121         22         21        120 $ COAT    5        58   4
       219 SURFACE M00002 O00001 P00001         23        221        220         22 $ COAT    1        59   4
       220 SURFACE M00002 O00001 P00001         23         22        121        122 $ COAT    5        59   4
       221 SURFACE M00002 O00001 P00001         24         25        223        222 $ COAT    4        60   4
       222 SURFACE M00002 O00001 P00001        124         25         24        123 $ COAT    5        60   4
       223 SURFACE M00002 O00001 P00001         26         27        225        224 $ COAT    3        61   4
       224 SURFACE M00002 O00001 P00001         26        125        126         27 $ COAT    5        61   4
       225 SURFACE M00002 O00001 P00001         25         26        224        223 $ COAT    2        62   4
       226 SURFACE M00002 O00001 P00001        124        125         26         25 $ COAT    5        62   4
       227 SURFACE M00002 O00001 P00001         18         19        217        216 $ COAT    4        63   4
       228 SURFACE M00002 O00001 P00001        118         19         18        117 $ COAT    5        63   4
       229 SURFACE M00002 O00001 P00001         20        119        120         21 $ COAT    5        64   4
       230 SURFACE M00002 O00001 P00001         20         21        219        218 $ COAT    3        64   4
       231 SURFACE M00002 O00001 P00001         19         20        218        217 $ COAT    2        65   4
       232 SURFACE M00002 O00001 P00001        118        119         20         19 $ COAT    5        65   4
       233 SURFACE M00002 O00001 P00001         17         18        216        215 $ COAT    3        66   4
       234 SURFACE M00002 O00001 P00001         17        116        117         18 $ COAT    5        66   4
       235 SURFACE M00002 O00001 P00001         15         16        214        213 $ COAT    4        67   4
       236 SURFACE M00002 O00001 P00001        115         16         15        114 $ COAT    5        67   4
       237 SURFACE M00002 O00001 P00001         17        215        214         16 $ COAT    1        68   4
       238 SURFACE M00002 O00001 P00001         17         16        115        116 $ COAT    5        68   4
       239 SURFACE M00002 O00001 P00001         12         13        211        210 $ COAT    4        69   4
       240 SURFACE M00002 O00001 P00001        112         13         12        111 $ COAT    5        69   4
       241 SURFACE M00002 O00001 P00001         14         15        213        212 $ COAT    3        70   4
       242 SURFACE M00002 O00001 P00001         14        113        114         15 $ COAT    5        70   4
       243 SURFACE M00002 O00001 P00001         13         14        212        211 $ COAT    2        71   4
       244 SURFACE M00002 O00001 P00001        112        113         14         13 $ COAT    5        71   4
       245 SURFACE M00002 O00001 P00001          1          9        207          6 $ COAT    4        72   4
       246 SURFACE M00002 O00001 P00001        108          9          1          4 $ COAT    5        72   4
       247 SURFACE M00002 O00001 P00001         10        208        207          9 $ COAT    1        73   4
       248 SURFACE M00002 O00001 P00001         10          9        108        109 $ COAT    5        73   4
       249 SURFACE M00002 O00001 P00001         11         12        210        209 $ COAT    3        74   4
       250 SURFACE M00002 O00001 P00001         11        110        111         12 $ COAT    5        74   4
       251 SURFACE M00002 O00001 P00001         10         11        209        208 $ COAT    2        75   4
       252 SURFACE M00002 O00001 P00001        109        110         11         10 $ COAT    5        75   4
       253 SURFACE M00002 O00001 P00001         35         36        234        233 $ COAT    3        76   4
       254 SURFACE M00002 O00001 P00001         35        134        135         36 $ COAT    5        76   4
       255 SURFACE M00002 O00001 P00001         33         34        232        231 $ COAT    4        77   4
       256 SURFACE M00002 O00001 P00001        133         34         33        132 $ COAT    5        77   4
       257 SURFACE M00002 O00001 P00001         35        233        232         34 $ COAT    1        78   4
       258 SURFACE M00002 O00001 P00001         35         34        133        134 $ COAT    5        78   4
       259 SURFACE M00002 O00001 P00001         36         37        235        234 $ COAT    4        79   4
       260 SURFACE M00002 O00001 P00001        136         37         36        135 $ COAT    5        79   4
       261 SURFACE M00002 O00001 P00001         38         39        237        236 $ COAT    3        80   4
       262 SURFACE M00002 O00001 P00001         38        137        138         39 $ COAT    5        80   4
       263 SURFACE M00002 O00001 P00001         37         38        236        235 $ COAT    2        81   4
       264 SURFACE M00002 O00001 P00001        136        137         38         37 $ COAT    5        81   4
       265 SURFACE M00002 O00001 P00001         42         43        241        240 $ COAT    4        82   4
       266 SURFACE M00002 O00001 P00001        142         43         42        141 $ COAT    5        82   4
       267 SURFACE M00002 O00001 P00001         44         45        243        242 $ COAT    3        83   4
       268 SURFACE M00002 O00001 P00001         44        143        144         45 $ COAT    5        83   4
       269 SURFACE M00002 O00001 P00001         43         44        242        241 $ COAT    2        84   4
       270 SURFACE M00002 O00001 P00001        142        143         44         43 $ COAT    5        84   4
       271 SURFACE M00002 O00001 P00001         41         42        240        239 $ COAT    3        85   4
       272 SURFACE M00002 O00001 P00001         41        140        141         42 $ COAT    5        85   4
       273 SURFACE M00002 O00001 P00001         39         40        238        237 $ COAT    4        86   4
       274 SURFACE M00002 O00001 P00001        139         40         39        138 $ COAT    5        86   4
       275 SURFACE M00002 O00001 P00001         41        239        238         40 $ COAT    1        87   4
       276 SURFACE M00002 O00001 P00001         41         40        139        140 $ COAT    5        87   4
       277 SURFACE M00002 O00001 P00001         47         48        246        245 $ COAT    3        88   4
       278 SURFACE M00002 O00001 P00001         47        146        147         48 $ COAT    5        88   4
       279 SURFACE M00002 O00001 P00001         45         46        244        243 $ COAT    4        89   4
       280 SURFACE M00002 O00001 P00001        145         46         45        144 $ COAT    5        89   4
       281 SURFACE M00002 O00001 P00001         47        245        244         46 $ COAT    1        90   4
       282 SURFACE M00002 O00001 P00001         47         46        145        146 $ COAT    5        90   4
       283 SURFACE M00002 O00001 P00001         48         49        247        246 $ COAT    4        91   4
       284 SURFACE M00002 O00001 P00001        148         49         48        147 $ COAT    5        91   4
       285 SURFACE M00002 O00001 P00001         50         51        249        248 $ COAT    3        92   4
       286 SURFACE M00002 O00001 P00001         50        149        150         51 $ COAT    5        92   4
       287 SURFACE M00002 O00001 P00001         49         50        248        247 $ COAT    2        93   4
       288 SURFACE M00002 O00001 P00001        148        149         50         49 $ COAT    5        93   4
       289 SURFACE M00002 O00001 P00001         53         54        252        251 $ COAT    3        94   4
       290 SURFACE M00002 O00001 P00001         53        152        153         54 $ COAT    5        94   4
       291 SURFACE M00002 O00001 P00001         51         52        250        249 $ COAT    4        95   4
       292 SURFACE M00002 O00001 P00001        151         52         51        150 $ COAT    5        95   4
       293 SURFACE M00002 O00001 P00001         53        251        250         52 $ COAT    1        96   4
       294 SURFACE M00002 O00001 P00001         53         52        151        152 $ COAT    5        96   4
       295 SURFACE M00002 O00001 P00001         57         58        256        255 $ COAT    3        97   4
       296 SURFACE M00002 O00001 P00001         57        156        157         58 $ COAT    5        97   4
       297 SURFACE M00002 O00001 P00001         56         57        255        254 $ COAT    2        98   4
       298 SURFACE M00002 O00001 P00001        155        156         57         56 $ COAT    5        98   4
       299 SURFACE M00002 O00001 P00001         54         55        253        252 $ COAT    4        99   4
       300 SURFACE M00002 O00001 P00001        154         55         54        153 $ COAT    5        99   4
       301 SURFACE M00002 O00001 P00001         56        254        253         55 $ COAT    1       100   4
       302 SURFACE M00002 O00001 P00001         56         55        154        155 $ COAT    5       100   4
       303 SURFACE M00002 O00001 P00001        185        184        382        383 $ COAT    4         1   4
       304 SURFACE M00002 O00001 P00001        283        284        383        382 $ COAT    6         1   4
       305 SURFACE M00002 O00001 P00001        183        182        380        381 $ COAT    3         2   4
       306 SURFACE M00002 O00001 P00001        381        380        281        282 $ COAT    6         2   4
       307 SURFACE M00002 O00001 P00001        184        183        381        382 $ COAT    2         3   4
       308 SURFACE M00002 O00001 P00001        283        382        381        282 $ COAT    6         3   4
       309 SURFACE M00002 O00001 P00001        384        383        284        285 $ COAT    6         4   4
       310 SURFACE M00002 O00001 P00001        186        185        383        384 $ COAT    3         4   4
       311 SURFACE M00002 O00001 P00001        188        187        385        386 $ COAT    4         5   4
       312 SURFACE M00002 O00001 P00001        286        287        386        385 $ COAT    6         5   4
       313 SURFACE M00002 O00001 P00001        186        384        385        187 $ COAT    1         6   4
       314 SURFACE M00002 O00001 P00001        384        285        286        385 $ COAT    6         6   4
       315 SURFACE M00002 O00001 P00001        390        389        290        291 $ COAT    6         7   4
       316 SURFACE M00002 O00001 P00001        192        191        389        390 $ COAT    3         7   4
       317 SURFACE M00002 O00001 P00001        292        293        392        391 $ COAT    6         8   4
       318 SURFACE M00002 O00001 P00001        194        193        391        392 $ COAT    4         8   4
       319 SURFACE M00002 O00001 P00001        192        390        391        193 $ COAT    1         9   4
       320 SURFACE M00002 O00001 P00001        390        291        292        391 $ COAT    6         9   4
       321 SURFACE M00002 O00001 P00001        191        190        388        389 $ COAT    4        10   4
       322 SURFACE M00002 O00001 P00001        289        290        389        388 $ COAT    6        10   4
       323 SURFACE M00002 O00001 P00001        189        188        386        387 $ COAT    3        11   4
       324 SURFACE M00002 O00001 P00001        387        386        287        288 $ COAT    6        11   4
       325 SURFACE M00002 O00001 P00001        190        189        387        388 $ COAT    2        12   4
       326 SURFACE M00002 O00001 P00001        289        388        387        288 $ COAT    6        12   4
       327 SURFACE M00002 O00001 P00001        197        196        394        395 $ COAT    4        13   4
       328 SURFACE M00002 O00001 P00001        295        296        395        394 $ COAT    6        13   4
       329 SURFACE M00002 O00001 P00001        195        194        392        393 $ COAT    3        14   4
       330 SURFACE M00002 O00001 P00001        393        392        293        294 $ COAT    6        14   4
       331 SURFACE M00002 O00001 P00001        196        195        393        394 $ COAT    2        15   4
       332 SURFACE M00002 O00001 P00001        295        394        393        294 $ COAT    6        15   4
       333 SURFACE M00002 O00001 P00001        396        395        296        297 $ COAT    6        16   4
       334 SURFACE M00002 O00001 P00001        198        197        395        396 $ COAT    3        16   4
       335 SURFACE M00002 O00001 P00001        200        199        397        398 $ COAT    4        17   4
       336 SURFACE M00002 O00001 P00001        298        299        398        397 $ COAT    6        17   4
       337 SURFACE M00002 O00001 P00001        396        297        298        397 $ COAT    6        18   4
       338 SURFACE M00002 O00001 P00001        198        396        397        199 $ COAT    1        18   4
       339 SURFACE M00002 O00001 P00001        203        202        400        401 $ COAT    4        19   4
       340 SURFACE M00002 O00001 P00001        301        302        401        400 $ COAT    6        19   4
       341 SURFACE M00002 O00001 P00001        201        200        398        399 $ COAT    3        20   4
       342 SURFACE M00002 O00001 P00001        399        398        299        300 $ COAT    6        20   4
       343 SURFACE M00002 O00001 P00001        202        201        399        400 $ COAT    2        21   4
       344 SURFACE M00002 O00001 P00001        301        400        399        300 $ COAT    6        21   4
       345 SURFACE M00002 O00001 P00001          3        206        404          7 $ COAT    4        22   4
       346 SURFACE M00002 O00001 P00001        305          5          7        404 $ COAT    6        22   4
       347 SURFACE M00002 O00001 P00001        205        403        404        206 $ COAT    1        23   4
       348 SURFACE M00002 O00001 P00001        403        304        305        404 $ COAT    6        23   4
       349 SURFACE M00002 O00001 P00001        204        203        401        402 $ COAT    3        24   4
       350 SURFACE M00002 O00001 P00001        402        401        302        303 $ COAT    6        24   4
       351 SURFACE M00002 O00001 P00001        205        204        402        403 $ COAT    2        25   4
       352 SURFACE M00002 O00001 P00001        304        403        402        303 $ COAT    6        25   4
       353 SURFACE M00002 O00001 P00001        180        179        377        378 $ COAT    3        26   4
       354 SURFACE M00002 O00001 P00001        378        377        278        279 $ COAT    6        26   4
       355 SURFACE M00002 O00001 P00001        182        181        379        380 $ COAT    4        27   4
       356 SURFACE M00002 O00001 P00001        280        281        380        379 $ COAT    6        27   4
       357 SURFACE M00002 O00001 P00001        180        378        379        181 $ COAT    1        28   4
       358 SURFACE M00002 O00001 P00001        378        279        280        379 $ COAT    6        28   4
       359 SURFACE M00002 O00001 P00001        179        178        376        377 $ COAT    4        29   4
       360 SURFACE M00002 O00001 P00001        277        278        377        376 $ COAT    6        29   4
       361 SURFACE M00002 O00001 P00001        177        176        374        375 $ COAT    3        30   4
       362 SURFACE M00002 O00001 P00001        375        374        275        276 $ COAT    6        30   4
       363 SURFACE M00002 O00001 P00001        178        177        375        376 $ COAT    2        31   4
       364 SURFACE M00002 O00001 P00001        277        376        375        276 $ COAT    6        31   4
       365 SURFACE M00002 O00001 P00001        271        272        371        370 $ COAT    6        32   4
       366 SURFACE M00002 O00001 P00001        173        172        370        371 $ COAT    4        32   4
       367 SURFACE M00002 O00001 P00001        171        170        368        369 $ COAT    3        33   4
       368 SURFACE M00002 O00001 P00001        369        368        269        270 $ COAT    6        33   4
       369 SURFACE M00002 O00001 P00001        172        171        369        370 $ COAT    2        34   4
       370 SURFACE M00002 O00001 P00001        271        370        369        270 $ COAT    6        34   4
       371 SURFACE M00002 O00001 P00001        174        173        371        372 $ COAT    3        35   4
       372 SURFACE M00002 O00001 P00001        372        371        272        273 $ COAT    6        35   4
       373 SURFACE M00002 O00001 P00001        176        175        373        374 $ COAT    4        36   4
       374 SURFACE M00002 O00001 P00001        274        275        374        373 $ COAT    6        36   4
       375 SURFACE M00002 O00001 P00001        174        372        373        175 $ COAT    1        37   4
       376 SURFACE M00002 O00001 P00001        372        273        274        373 $ COAT    6        37   4
       377 SURFACE M00002 O00001 P00001        168        167        365        366 $ COAT    3        38   4
       378 SURFACE M00002 O00001 P00001        366        365        266        267 $ COAT    6        38   4
       379 SURFACE M00002 O00001 P00001        170        169        367        368 $ COAT    4        39   4
       380 SURFACE M00002 O00001 P00001        268        269        368        367 $ COAT    6        39   4
       381 SURFACE M00002 O00001 P00001        168        366        367        169 $ COAT    1        40   4
       382 SURFACE M00002 O00001 P00001        366        267        268        367 $ COAT    6        40   4
       383 SURFACE M00002 O00001 P00001        167        166        364        365 $ COAT    4        41   4
       384 SURFACE M00002 O00001 P00001        265        266        365        364 $ COAT    6        41   4
       385 SURFACE M00002 O00001 P00001        165        164        362        363 $ COAT    3        42   4
       386 SURFACE M00002 O00001 P00001        363        362        263        264 $ COAT    6        42   4
       387 SURFACE M00002 O00001 P00001        166        165        363        364 $ COAT    2        43   4
       388 SURFACE M00002 O00001 P00001        265        364        363        264 $ COAT    6        43   4
       389 SURFACE M00002 O00001 P00001        162        161        359        360 $ COAT    3        44   4
       390 SURFACE M00002 O00001 P00001        360        359        260        261 $ COAT    6        44   4
       391 SURFACE M00002 O00001 P00001        164        163        361        362 $ COAT    4        45   4
       392 SURFACE M00002 O00001 P00001        262        263        362        361 $ COAT    6        45   4
       393 SURFACE M00002 O00001 P00001        162        360        361        163 $ COAT    1        46   4
       394 SURFACE M00002 O00001 P00001        360        261        262        361 $ COAT    6        46   4
       395 SURFACE M00002 O00001 P00001        158        157        355        356 $ COAT    3        47   4
       396 SURFACE M00002 O00001 P00001        356        355        256        257 $ COAT    6        47   4
       397 SURFACE M00002 O00001 P00001        159        158        356        357 $ COAT    2        48   4
       398 SURFACE M00002 O00001 P00001        258        357        356        257 $ COAT    6        48   4
       399 SURFACE M00002 O00001 P00001        161        160        358        359 $ COAT    4        49   4
       400 SURFACE M00002 O00001 P00001        259        260        359        358 $ COAT    6        49   4
       401 SURFACE M00002 O00001 P00001        159        357        358        160 $ COAT    1        50   4
       402 SURFACE M00002 O00001 P00001        357        258        259        358 $ COAT    6        50   4
       403 SURFACE M00002 O00001 P00001        130        129        327        328 $ COAT    3        51   4
       404 SURFACE M00002 O00001 P00001        328        327        228        229 $ COAT    6        51   4
       405 SURFACE M00002 O00001 P00001        132        131        329        330 $ COAT    4        52   4
       406 SURFACE M00002 O00001 P00001        230        231        330        329 $ COAT    6        52   4
       407 SURFACE M00002 O00001 P00001        130        328        329        131 $ COAT    1        53   4
       408 SURFACE M00002 O00001 P00001        328        229        230        329 $ COAT    6        53   4
       409 SURFACE M00002 O00001 P00001        129        128        326        327 $ COAT    4        54   4
       410 SURFACE M00002 O00001 P00001        227        228        327        326 $ COAT    6        54   4
       411 SURFACE M00002 O00001 P00001        127        126        324        325 $ COAT    3        55   4
       412 SURFACE M00002 O00001 P00001        325        324        225        226 $ COAT    6        55   4
       413 SURFACE M00002 O00001 P00001        128        127        325        326 $ COAT    2        56   4
       414 SURFACE M00002 O00001 P00001        227        326        325        226 $ COAT    6        56   4
       415 SURFACE M00002 O00001 P00001        123        122        320        321 $ COAT    4        57   4
       416 SURFACE M00002 O00001 P00001        221        222        321        320 $ COAT    6        57   4
       417 SURFACE M00002 O00001 P00001        121        120        318        319 $ COAT    3        58   4
       418 SURFACE M00002 O00001 P00001        319        318        219        220 $ COAT    6        58   4
       419 SURFACE M00002 O00001 P00001        122        121        319        320 $ COAT    2        59   4
       420 SURFACE M00002 O00001 P00001        221        320        319        220 $ COAT    6        59   4
       421 SURFACE M00002 O00001 P00001        124        123        321        322 $ COAT    3        60   4
       422 SURFACE M00002 O00001 P00001        322        321        222        223 $ COAT    6        60   4
       423 SURFACE M00002 O00001 P00001        126        125        323        324 $ COAT    4        61   4
       424 SURFACE M00002 O00001 P00001        224        225        324        323 $ COAT    6        61   4
       425 SURFACE M00002 O00001 P00001        124        322        323        125 $ COAT    1        62   4
       426 SURFACE M00002 O00001 P00001        322        223        224        323 $ COAT    6        62   4
       427 SURFACE M00002 O00001 P00001        118        117        315        316 $ COAT    3        63   4
       428 SURFACE M00002 O00001 P00001        316        315        216        217 $ COAT    6        63   4
       429 SURFACE M00002 O00001 P00001        218        219        318        317 $ COAT    6        64   4
       430 SURFACE M00002 O00001 P00001        120        119        317        318 $ COAT    4        64   4
       431 SURFACE M00002 O00001 P00001        118        316        317        119 $ COAT    1        65   4
       432 SURFACE M00002 O00001 P00001        316        217        218        317 $ COAT    6        65   4
       433 SURFACE M00002 O00001 P00001        117        116        314        315 $ COAT    4        66   4
       434 SURFACE M00002 O00001 P00001        215        216        315        314 $ COAT    6        66   4
       435 SURFACE M00002 O00001 P00001        115        114        312        313 $ COAT    3        67   4
       436 SURFACE M00002 O00001 P00001        313        312        213        214 $ COAT    6        67   4
       437 SURFACE M00002 O00001 P00001        116        115        313        314 $ COAT    2        68   4
       438 SURFACE M00002 O00001 P00001        215        314        313        214 $ COAT    6        68   4
       439 SURFACE M00002 O00001 P00001        112        111        309        310 $ COAT    3        69   4
       440 SURFACE M00002 O00001 P00001        310        309        210        211 $ COAT    6        69   4
       441 SURFACE M00002 O00001 P00001        114        113        311        312 $ COAT    4        70   4
       442 SURFACE M00002 O00001 P00001        212        213        312        311 $ COAT    6        70   4
       443 SURFACE M00002 O00001 P00001        112        310        311        113 $ COAT    1        71   4
       444 SURFACE M00002 O00001 P00001        310        211        212        311 $ COAT    6        71   4
       445 SURFACE M00002 O00001 P00001        108          4          8        306 $ COAT    3        72   4
       446 SURFACE M00002 O00001 P00001        306          8          6        207 $ COAT    6        72   4
       447 SURFACE M00002 O00001 P00001        109        108        306        307 $ COAT    2        73   4
       448 SURFACE M00002 O00001 P00001        208        307        306        207 $ COAT    6        73   4
       449 SURFACE M00002 O00001 P00001        111        110        308        309 $ COAT    4        74   4
       450 SURFACE M00002 O00001 P00001        209        210        309        308 $ COAT    6        74   4
       451 SURFACE M00002 O00001 P00001        109        307        308        110 $ COAT    1        75   4
       452 SURFACE M00002 O00001 P00001        307        208        209        308 $ COAT    6        75   4
       453 SURFACE M00002 O00001 P00001        135        134        332        333 $ COAT    4        76   4
       454 SURFACE M00002 O00001 P00001        233        234        333        332 $ COAT    6        76   4
       455 SURFACE M00002 O00001 P00001        133        132        330        331 $ COAT    3        77   4
       456 SURFACE M00002 O00001 P00001        331        330        231        232 $ COAT    6        77   4
       457 SURFACE M00002 O00001 P00001        134        133        331        332 $ COAT    2        78   4
       458 SURFACE M00002 O00001 P00001        233        332        331        232 $ COAT    6        78   4
       459 SURFACE M00002 O00001 P00001        136        135        333        334 $ COAT    3        79   4
       460 SURFACE M00002 O00001 P00001        334        333        234        235 $ COAT    6        79   4
       461 SURFACE M00002 O00001 P00001        138        137        335        336 $ COAT    4        80   4
       462 SURFACE M00002 O00001 P00001        236        237        336        335 $ COAT    6        80   4
       463 SURFACE M00002 O00001 P00001        136        334        335        137 $ COAT    1        81   4
       464 SURFACE M00002 O00001 P00001        334        235        236        335 $ COAT    6        81   4
       465 SURFACE M00002 O00001 P00001        142        141        339        340 $ COAT    3        82   4
       466 SURFACE M00002 O00001 P00001        340        339        240        241 $ COAT    6        82   4
       467 SURFACE M00002 O00001 P00001        144        143        341        342 $ COAT    4        83   4
       468 SURFACE M00002 O00001 P00001        242        243        342        341 $ COAT    6        83   4
       469 SURFACE M00002 O00001 P00001        142        340        341        143 $ COAT    1        84   4
       470 SURFACE M00002 O00001 P00001        340        241        242        341 $ COAT    6        84   4
       471 SURFACE M00002 O00001 P00001        141        140        338        339 $ COAT    4        85   4
       472 SURFACE M00002 O00001 P00001        239        240        339        338 $ COAT    6        85   4
       473 SURFACE M00002 O00001 P00001        139        138        336        337 $ COAT    3        86   4
       474 SURFACE M00002 O00001 P00001        337        336        237        238 $ COAT    6        86   4
       475 SURFACE M00002 O00001 P00001        140        139        337        338 $ COAT    2        87   4
       476 SURFACE M00002 O00001 P00001        239        338        337        238 $ COAT    6        87   4
       477 SURFACE M00002 O00001 P00001        147        146        344        345 $ COAT    4        88   4
       478 SURFACE M00002 O00001 P00001        245        246        345        344 $ COAT    6        88   4
       479 SURFACE M00002 O00001 P00001        145        144        342        343 $ COAT    3        89   4
       480 SURFACE M00002 O00001 P00001        343        342        243        244 $ COAT    6        89   4
       481 SURFACE M00002 O00001 P00001        146        145        343        344 $ COAT    2        90   4
       482 SURFACE M00002 O00001 P00001        245        344        343        244 $ COAT    6        90   4
       483 SURFACE M00002 O00001 P00001        148        147        345        346 $ COAT    3        91   4
       484 SURFACE M00002 O00001 P00001        346        345        246        247 $ COAT    6        91   4
       485 SURFACE M00002 O00001 P00001        150        149        347        348 $ COAT    4        92   4
       486 SURFACE M00002 O00001 P00001        248        249        348        347 $ COAT    6        92   4
       487 SURFACE M00002 O00001 P00001        148        346        347        149 $ COAT    1        93   4
       488 SURFACE M00002 O00001 P00001        346        247        248        347 $ COAT    6        93   4
       489 SURFACE M00002 O00001 P00001        153        152        350        351 $ COAT    4        94   4
       490 SURFACE M00002 O00001 P00001        251        252        351        350 $ COAT    6        94   4
       491 SURFACE M00002 O00001 P00001        151        150        348        349 $ COAT    3        95   4
       492 SURFACE M00002 O00001 P00001        349        348        249        250 $ COAT    6        95   4
       493 SURFACE M00002 O00001 P00001        152        151        349        350 $ COAT    2        96   4
       494 SURFACE M00002 O00001 P00001        251        350        349        250 $ COAT    6        96   4
       495 SURFACE M00002 O00001 P00001        157        156        354        355 $ COAT    4        97   4
       496 SURFACE M00002 O00001 P00001        255        256        355        354 $ COAT    6        97   4
       497 SURFACE M00002 O00001 P00001        155        353        354        156 $ COAT    1        98   4
       498 SURFACE M00002 O00001 P00001        353        254        255        354 $ COAT    6        98   4
       499 SURFACE M00002 O00001 P00001        154        153        351        352 $ COAT    3        99   4
       500 SURFACE M00002 O00001 P00001        352        351        252        253 $ COAT    6        99   4
       501 SURFACE M00002 O00001 P00001        155        154        352        353 $ COAT    2       100   4
       502 SURFACE M00002 O00001 P00001        254        353        352        253 $ COAT    6       100   4
-1
VFMIN  1.000000E-12
-1
-1
-1
$
$ -----
$ Units
$ -----
$
PARAM UNITS 5  1.000000E+03  1.000000E+03  1.000000E+00 -2.731500E+02
$
$ ---------------------------
$ Solver Parameters - Thermal
$ ---------------------------
$
PARAM ILU 10  1.000000E-05 100 MAX
PARAM COND NEW
PARAM CNVGTRA 1.0
PARAM CSOLVE 2
PARAM PDMAX -1.000000E-02
PARAM HYDLOOP 100
PARAM HYDDAMP  1.000000E+00
PARAM MAXNODEID 404
$
$ -----------------------------
$ Solver Parameters - Radiation
$ -----------------------------
$
PARAM OPPENHEIM 1
PARAM QOPPCAL
GPARAM 4 420 1
PARAM SPECTRA 0 14387.69 0  0.000000E+00 0 0 0 0
$
$ --------------------------------------
$ Solution Attributes - Solution Details
$ --------------------------------------
$
PARAM TIMETABLE TRUNCATE
$
$ ----------------------------------------
$ Solution Attributes - Initial conditions
$ ----------------------------------------
$
$
$ ----------------------------------------
$ Solution Attributes - Ambient Conditions
$ ----------------------------------------
$
$
$ Ambient Environment Temperature
TABTYPE 1 TEMP TIME
TABDATA 1  2.000000E+01  0.000000E+00
$
$ Ambient Environment Pressure
TABTYPE 2 PABS TIME
TABDATA 2  1.013510E+02  0.000000E+00
$
$ Ambient Environment Properties
HYDENV  1.013510E+02  2.000000E+01  9.810000E+03  1.800000E+02  0.000000E+00 SAMEMAT T1 T2
$
$ Radiative Environment Temperature
TABTYPE 3 TEMP TIME
TABDATA 3  2.000000E+01  0.000000E+00
$
$ ------------------------------------
$ Solution Attributes - Result Options
$ ------------------------------------
$
PRINT 0 0 ELTEMP
PRINT 0 0 NDTEMP
PRINT 0 0 ELTOTF
PRINT 0 0 ELVFSUM
PRINT 0 0 ELTMAX
GPARAM 41 40 1
$
$ -------------------
$ Physical Properties
$ -------------------
$
$ NULL                                                                          
PROP 1 SHELL  0.000000E+00
$
$ -------------------
$ Material Properties
$ -------------------
$
$ [1]                                                       
MAT 1 PHASE SOLID
MAT 1 RHO  7.829000E+03
MAT 1 CPP  4.340000E+08
MAT 1 CAPAPH  0.000000E+00
MAT 1 KTHERM  5.600000E+04
MAT 1 HTLAT  0.000000E+00
MAT 1 ELECRES  0.000000E+00
MAT 1 TPHASE 1000000
MAT 1 TPHASERANGE 0
MAT 1 IRSCATTER  0.000000E+00
MAT 1 SOLARSCATTER  0.000000E+00
MAT 1 IREXTINCT  0.000000E+00
MAT 1 SOLAREXTINCT  0.000000E+00
$ NULL                                                                          
MAT 2 PHASE SOLID
MAT 2 RHO  0.000000E+00
MAT 2 CPP  0.000000E+00
MAT 2 KTHERM  0.000000E+00
$
$ -------------------------
$ Thermo-Optical Properties
$ -------------------------
$
$ Black body                                                                    
OPTICAL 1 E  1.000000E+00
OPTICAL 1 ABSORPTIVITY  1.000000E+00
$
$ ---------------
$ Temperature BCs
$ ---------------
$
$ Temperature(1)                                                                
SINK "Temperature(1)"  1.000000E+02 CONSTANT 0
DESCRIP 1 Temperature(1)
DESCAD1 1 SINK CONST Tempera
NAME2 Tempera Temperature(1)
NAME Tempera        101        101          1
$ Temperature(2)                                                                
SINK "Temperature(2)"  2.000000E+01 CONSTANT 0
DESCRIP 2 Temperature(2)
DESCAD1 2 SINK CONST Tempert
NAME2 Tempert Temperature(2)
NAME Tempert        102        102          1
$
$ -----------------------
$ Initial Temperatures BC
$ -----------------------
$
TINIT "INIT_BC" 0  2.000000E+01
NAME2 INIT_BC INIT_BC
NAME INIT_BC          1        502          1
$
$ ------------------------
$ Contact Thermal Coupling
$ ------------------------
$
$ Thermal Coupling(1)                                                           
NAME2 Therm_1 Thermal Coupling(1) - Primary Region
NAME Therm_1        103        302          1
NAME2 Therm_2 Thermal Coupling(1) - Secondary Region
NAME Therm_2        303        502          1
$ The original BC ID 1 is changed to internal ID 1
THERMAL_COUPLING 1 NAME "Thermal Coupling(1)"
THERMAL_COUPLING 1 SELECTION PRIMARY "Thermal Coupling(1) - Primary Region"
THERMAL_COUPLING 1 SELECTION SECONDARY "Thermal Coupling(1) - Secondary Region"
THERMAL_COUPLING 1 TYPE HTC
THERMAL_COUPLING 1 METHOD ELEMENT_SUBDIVISION
THERMAL_COUPLING 1 OVERLAP_PROJECTION SECONDARY
THERMAL_COUPLING 1 RESOLUTION MEDIUM
THERMAL_COUPLING 1 MAGNITUDE  1.000000E+00 T4
TABTYPE 4 COND TIME
TABDATA 4  5.600000E+01  0.000000E+00
PARAM TC_CONVECT OFF
PARAM EXPRESSION RADIANS 
-1
-1
